p 5 0
p 8 1
f 400.600 10 0 0 60 12000 #poprad
f 401.000 10 0 0 60 12000 #wieden
f 401.507 0 0 0 60 24000 #pilote
f 401.505 0 0 90 60 24000 #pilote
#f 401.600 10 28 30 60 12000 #?
#f 402.000 5 0 60 60 12000 #?
f 402.000 2 -6400 60 0 12000 #M10
f 402.010 2 0 80 60 12000 #Segedyn
f 402.100 10 0 0 60 12000 #Prosciejow
f 402.200 10 0 70 60 12000 #?
f 402.300 10 0 70 60 12000 #Greifswald
f 402.500 10 0 0 60 12000 #nowa
f 401.465 20 1200 0 0 24000 #pilotSonde
f 401.464 20 0 0 0 24000 #pilotka
f 401.464 20 1000 80 0 24000 #pilotka
f 402.470 20 0 90 0 24000 #pilotSonde
f 402.471 20 1200 0 0 24000 #pilotSonde
f 402.500 20 2400 0 0 24000 #pilotSondeV10
f 403.200 15 -6500 0 0 24000 #M10
f 403.200 15 0 0 0 24000 #M10
f 403.600 15 0 0 0 25000 #M10
f 403.200 15 0 0 0 25000 #M10
f 403.000 20 0 0 0 25000 #M10
f 403.200 2 -6400 0 0 12000 #M10
